    0     0     0
  0.2     0     0
  0.4     0     0
  0.6     0     0
  0.8     0     0
    1     0     0
  1.2     0     0
  1.4     0     0
  1.6     0     0
  1.8     0     0
    2     0     0
    0   0.2     0
  0.4   0.2     0
  0.8   0.2     0
  1.2   0.2     0
  1.6   0.2     0
    2   0.2     0
    0   0.4     0
  0.2   0.4     0
  0.4   0.4     0
  0.6   0.4     0
  0.8   0.4     0
    1   0.4     0
  1.2   0.4     0
  1.4   0.4     0
  1.6   0.4     0
  1.8   0.4     0
    2   0.4     0
    0   0.6     0
  0.4   0.6     0
  0.8   0.6     0
  1.2   0.6     0
  1.6   0.6     0
    2   0.6     0
    0   0.8     0
  0.2   0.8     0
  0.4   0.8     0
  0.6   0.8     0
  0.8   0.8     0
    1   0.8     0
  1.2   0.8     0
  1.4   0.8     0
  1.6   0.8     0
  1.8   0.8     0
    2   0.8     0
    0     1     0
  0.4     1     0
  0.8     1     0
  1.2     1     0
  1.6     1     0
    2     1     0
    0   1.2     0
  0.2   1.2     0
  0.4   1.2     0
  0.6   1.2     0
  0.8   1.2     0
    1   1.2     0
  1.2   1.2     0
  1.4   1.2     0
  1.6   1.2     0
  1.8   1.2     0
    2   1.2     0
    0   1.4     0
  0.4   1.4     0
  0.8   1.4     0
  1.2   1.4     0
  1.6   1.4     0
    2   1.4     0
    0   1.6     0
  0.2   1.6     0
  0.4   1.6     0
  0.6   1.6     0
  0.8   1.6     0
    1   1.6     0
  1.2   1.6     0
  1.4   1.6     0
  1.6   1.6     0
  1.8   1.6     0
    2   1.6     0
    0   1.8     0
  0.4   1.8     0
  0.8   1.8     0
  1.2   1.8     0
  1.6   1.8     0
    2   1.8     0
    0     2     0
  0.2     2     0
  0.4     2     0
  0.6     2     0
  0.8     2     0
    1     2     0
  1.2     2     0
  1.4     2     0
  1.6     2     0
  1.8     2     0
    2     2     0
-0.05 -0.04  0.12
 0.39 -0.04  0.14
  0.8 -0.03  0.15
  1.2 -0.03  0.16
 1.61 -0.03  0.16
 2.02 -0.03  0.16
-0.05  0.38  0.13
 0.39  0.38  0.16
  0.8  0.39  0.16
  1.2  0.39  0.16
 1.61  0.39  0.17
 2.02  0.39  0.17
-0.06  0.79  0.13
 0.39  0.79  0.16
  0.8   0.8  0.16
  1.2   0.8  0.16
 1.61   0.8  0.17
 2.02   0.8  0.17
-0.06   1.2  0.13
 0.39   1.2  0.15
  0.8   1.2  0.16
  1.2   1.2  0.16
 1.61   1.2  0.16
 2.02   1.2  0.16
-0.06  1.62  0.13
 0.39  1.62  0.15
  0.8  1.62  0.16
  1.2  1.62  0.16
 1.61  1.61  0.16
 2.02  1.61  0.16
-0.06  2.05  0.11
 0.39  2.05  0.13
  0.8  2.05  0.14
 1.21  2.04  0.14
 1.61  2.04  0.15
 2.02  2.03  0.15
-0.06 -0.07  0.26
 0.16 -0.06  0.27
 0.37 -0.06  0.29
 0.58 -0.06  0.29
  0.8 -0.05   0.3
 0.99 -0.05  0.31
 1.21 -0.05  0.31
 1.41 -0.05  0.32
 1.62 -0.04  0.32
 1.82 -0.04  0.33
 2.03 -0.04  0.32
-0.06  0.15  0.27
 0.37  0.16   0.3
 0.79  0.16  0.31
  1.2  0.17  0.32
 1.61  0.17  0.32
 2.03  0.17  0.33
-0.07  0.36  0.27
 0.15  0.37  0.28
 0.37  0.37   0.3
 0.57  0.37   0.3
 0.79  0.37  0.31
 0.99  0.37  0.32
  1.2  0.37  0.32
  1.4  0.38  0.33
 1.61  0.38  0.32
 1.82  0.38  0.33
 2.03  0.38  0.33
-0.07  0.58  0.27
 0.37  0.58   0.3
 0.79  0.58  0.32
  1.2  0.59  0.32
 1.61  0.59  0.33
 2.03  0.59  0.33
-0.07  0.79  0.27
 0.15  0.79  0.28
 0.37  0.79   0.3
 0.57  0.79   0.3
 0.79  0.79  0.32
 0.99  0.79  0.32
  1.2  0.79  0.32
  1.4  0.79  0.33
 1.62  0.79  0.32
 1.82  0.79  0.33
 2.03  0.79  0.33
-0.07     1  0.27
 0.37     1   0.3
 0.79     1  0.31
  1.2     1  0.32
 1.62     1  0.32
 2.03     1  0.33
-0.07  1.21  0.27
 0.15  1.21  0.28
 0.37  1.21   0.3
 0.57  1.21   0.3
 0.79  1.21  0.31
 0.99  1.21  0.31
  1.2  1.21  0.32
  1.4  1.21  0.32
 1.62  1.21  0.32
 1.82  1.21  0.33
 2.03  1.21  0.33
-0.07  1.43  0.26
 0.37  1.42  0.29
 0.79  1.42  0.31
  1.2  1.42  0.31
 1.62  1.42  0.32
 2.03  1.42  0.32
-0.07  1.64  0.26
 0.15  1.64  0.27
 0.37  1.64  0.29
 0.57  1.64  0.29
 0.79  1.63   0.3
 0.99  1.63  0.31
  1.2  1.63  0.31
  1.4  1.63  0.32
 1.62  1.63  0.31
 1.82  1.63  0.33
 2.03  1.62  0.32
-0.07  1.86  0.25
 0.37  1.85  0.28
 0.79  1.85   0.3
 1.21  1.84   0.3
 1.62  1.84  0.31
 2.03  1.83  0.31
-0.07  2.08  0.24
 0.15  2.07  0.25
 0.37  2.07  0.26
 0.58  2.07  0.27
  0.8  2.06  0.28
    1  2.06  0.29
 1.21  2.06  0.29
 1.41  2.06   0.3
 1.62  2.05  0.29
 1.83  2.05  0.31
 2.04  2.05   0.3
-0.07 -0.08   0.4
 0.36 -0.07  0.43
 0.78 -0.06  0.46
  1.2 -0.06  0.47
 1.62 -0.05  0.48
 2.04 -0.04  0.49
-0.08  0.35  0.41
 0.35  0.36  0.44
 0.78  0.37  0.46
  1.2  0.37  0.48
 1.61  0.37  0.48
 2.03  0.38  0.49
-0.09  0.79  0.41
 0.35  0.79  0.44
 0.78  0.79  0.46
  1.2  0.79  0.47
 1.61  0.79  0.48
 2.04  0.79  0.49
-0.09  1.22   0.4
 0.35  1.22  0.43
 0.78  1.22  0.46
  1.2  1.22  0.47
 1.62  1.21  0.48
 2.04  1.21  0.49
-0.09  1.65  0.39
 0.35  1.65  0.42
 0.78  1.65  0.45
  1.2  1.64  0.46
 1.62  1.64  0.47
 2.04  1.63  0.48
-0.08  2.09  0.37
 0.36  2.09   0.4
 0.78  2.08  0.43
 1.21  2.07  0.44
 1.63  2.07  0.45
 2.05  2.06  0.46
-0.08 -0.09  0.55
 0.13 -0.08  0.57
 0.35 -0.07  0.58
 0.56 -0.07   0.6
 0.77 -0.06  0.61
 0.98 -0.06  0.62
 1.19 -0.06  0.63
  1.4 -0.06  0.63
 1.61 -0.05  0.64
 1.82 -0.05  0.65
 2.03 -0.04  0.66
-0.09  0.13  0.55
 0.34  0.14  0.58
 0.77  0.15  0.62
 1.19  0.15  0.63
 1.61  0.16  0.64
 2.03  0.16  0.66
 -0.1  0.35  0.55
 0.12  0.36  0.57
 0.34  0.36  0.58
 0.55  0.36   0.6
 0.76  0.37  0.62
 0.97  0.37  0.62
 1.19  0.37  0.63
  1.4  0.37  0.64
 1.61  0.37  0.64
 1.82  0.37  0.65
 2.03  0.38  0.66
 -0.1  0.57  0.55
 0.33  0.58  0.58
 0.76  0.58  0.61
 1.19  0.58  0.63
 1.61  0.58  0.64
 2.03  0.59  0.66
 -0.1  0.79  0.55
 0.11  0.79  0.56
 0.33  0.79  0.58
 0.55  0.79   0.6
 0.76  0.79  0.61
 0.97   0.8  0.62
 1.18   0.8  0.63
  1.4   0.8  0.63
 1.61   0.8  0.64
 1.82   0.8  0.65
 2.03   0.8  0.66
-0.11  1.01  0.54
 0.33  1.01  0.58
 0.76  1.01  0.61
 1.18  1.01  0.62
 1.61  1.01  0.64
 2.03  1.01  0.65
-0.11  1.23  0.54
 0.11  1.23  0.56
 0.33  1.22  0.57
 0.55  1.22  0.59
 0.76  1.22   0.6
 0.97  1.22  0.61
 1.19  1.22  0.62
  1.4  1.22  0.62
 1.61  1.22  0.63
 1.82  1.22  0.64
 2.04  1.22  0.65
-0.11  1.44  0.53
 0.33  1.44  0.56
 0.76  1.44   0.6
 1.19  1.44  0.61
 1.61  1.43  0.63
 2.04  1.43  0.65
 -0.1  1.67  0.53
 0.11  1.66  0.54
 0.33  1.66  0.56
 0.55  1.66  0.58
 0.76  1.65  0.59
 0.98  1.65   0.6
 1.19  1.65  0.61
  1.4  1.65  0.61
 1.61  1.65  0.62
 1.83  1.64  0.63
 2.04  1.64  0.64
 -0.1  1.89  0.52
 0.34  1.88  0.55
 0.77  1.87  0.58
 1.19  1.87   0.6
 1.62  1.86  0.61
 2.04  1.85  0.63
-0.09  2.11  0.51
 0.12   2.1  0.52
 0.34   2.1  0.54
 0.56  2.09  0.56
 0.77  2.09  0.57
 0.98  2.09  0.58
  1.2  2.08  0.59
 1.41  2.08   0.6
 1.62  2.08   0.6
 1.84  2.07  0.62
 2.05  2.06  0.62
 -0.1 -0.09  0.69
 0.34 -0.07  0.73
 0.76 -0.06  0.77
 1.18 -0.06  0.79
  1.6 -0.05   0.8
 2.02 -0.04  0.83
-0.11  0.35  0.69
 0.32  0.36  0.72
 0.75  0.37  0.77
 1.17  0.37  0.79
  1.6  0.37   0.8
 2.02  0.38  0.83
-0.12  0.79  0.68
 0.32   0.8  0.72
 0.75   0.8  0.76
 1.17   0.8  0.78
  1.6   0.8  0.79
 2.02   0.8  0.82
-0.12  1.23  0.67
 0.32  1.23  0.71
 0.75  1.23  0.75
 1.17  1.23  0.77
  1.6  1.23  0.79
 2.03  1.22  0.81
-0.12  1.68  0.66
 0.32  1.67  0.69
 0.75  1.66  0.74
 1.18  1.66  0.76
 1.61  1.65  0.77
 2.03  1.65   0.8
-0.11  2.12  0.64
 0.33  2.11  0.67
 0.76   2.1  0.72
 1.18  2.09  0.74
 1.61  2.08  0.76
 2.04  2.07  0.78
-0.11 -0.09  0.83
 0.11 -0.08  0.86
 0.32 -0.07  0.88
 0.53 -0.06  0.91
 0.74 -0.06  0.93
 0.95 -0.06  0.93
 1.16 -0.05  0.95
 1.37 -0.05  0.95
 1.59 -0.05  0.96
  1.8 -0.04  0.98
 2.01 -0.04     1
-0.12  0.13  0.82
 0.32  0.15  0.87
 0.73  0.16  0.92
 1.16  0.16  0.94
 1.59  0.16  0.96
 2.01  0.17  0.99
-0.13  0.35  0.82
 0.09  0.36  0.85
 0.31  0.36  0.87
 0.52  0.37  0.89
 0.73  0.37  0.92
 0.94  0.37  0.92
 1.15  0.38  0.94
 1.37  0.38  0.94
 1.58  0.38  0.96
  1.8  0.38  0.97
 2.01  0.38  0.99
-0.13  0.57  0.81
 0.31  0.58  0.86
 0.73  0.59  0.91
 1.15  0.59  0.93
 1.58  0.59  0.95
 2.01  0.59  0.99
-0.14   0.8   0.8
 0.08   0.8  0.84
  0.3   0.8  0.86
 0.51   0.8  0.89
 0.73   0.8  0.91
 0.94   0.8  0.91
 1.15  0.81  0.93
 1.37  0.81  0.93
 1.58   0.8  0.95
  1.8  0.81  0.97
 2.01   0.8  0.98
-0.14  1.02   0.8
  0.3  1.02  0.85
 0.73  1.02   0.9
 1.15  1.02  0.93
 1.58  1.02  0.94
 2.01  1.02  0.98
-0.14  1.24  0.79
 0.08  1.24  0.82
  0.3  1.24  0.84
 0.51  1.24  0.87
 0.73  1.24   0.9
 0.94  1.24   0.9
 1.15  1.23  0.92
 1.37  1.23  0.92
 1.59  1.23  0.94
  1.8  1.23  0.96
 2.01  1.23  0.97
-0.14  1.46  0.78
  0.3  1.46  0.84
 0.73  1.45  0.89
 1.15  1.45  0.91
 1.59  1.45  0.93
 2.02  1.44  0.97
-0.14  1.68  0.78
 0.09  1.68  0.81
 0.31  1.67  0.83
 0.52  1.67  0.86
 0.73  1.67  0.88
 0.94  1.67  0.89
 1.16  1.66   0.9
 1.37  1.66  0.91
 1.59  1.66  0.92
 1.81  1.66  0.94
 2.02  1.65  0.96
-0.13  1.91  0.77
 0.31  1.89  0.82
 0.73  1.88  0.87
 1.16  1.88   0.9
 1.59  1.87  0.91
 2.02  1.86  0.95
-0.12  2.13  0.76
  0.1  2.12  0.79
 0.32  2.11  0.81
 0.53  2.11  0.84
 0.74   2.1  0.87
 0.95   2.1  0.87
 1.16   2.1  0.89
 1.38  2.09  0.89
  1.6  2.09  0.91
 1.81  2.08  0.93
 2.03  2.08  0.94
-0.12  -0.1  0.95
 0.31 -0.06  1.03
 0.72 -0.05  1.09
 1.14 -0.05   1.1
 1.57 -0.04  1.12
    2 -0.03  1.16
-0.15  0.35  0.93
 0.29  0.37  1.01
 0.71  0.38  1.07
 1.13  0.38  1.09
 1.56  0.38  1.11
    2  0.39  1.15
-0.16   0.8  0.92
 0.28  0.81     1
  0.7  0.81  1.06
 1.13  0.81  1.08
 1.56  0.81   1.1
    2  0.81  1.14
-0.16  1.25   0.9
 0.28  1.25  0.99
  0.7  1.24  1.05
 1.13  1.24  1.07
 1.56  1.24  1.09
    2  1.24  1.13
-0.16  1.69  0.89
 0.29  1.68  0.97
 0.71  1.67  1.03
 1.13  1.67  1.05
 1.57  1.67  1.07
 2.01  1.66  1.12
-0.13  2.16  0.86
 0.31  2.12  0.95
 0.72  2.11  1.01
 1.14   2.1  1.03
 1.58   2.1  1.05
 2.02  2.08   1.1
-0.15 -0.12  1.05
 0.06 -0.08  1.12
 0.28 -0.05  1.19
 0.48 -0.05  1.22
 0.69 -0.04  1.24
  0.9 -0.04  1.24
 1.11 -0.04  1.26
 1.33 -0.04  1.26
 1.55 -0.04  1.28
 1.77 -0.03  1.31
 1.99 -0.03  1.33
-0.18  0.12  1.04
 0.26  0.16  1.17
 0.68  0.17  1.23
 1.11  0.17  1.25
 1.55  0.17  1.27
 1.98  0.18  1.32
-0.19  0.36  1.02
 0.03  0.37   1.1
 0.25  0.38  1.16
 0.46  0.39  1.19
 0.68  0.39  1.22
 0.89  0.39  1.22
 1.11  0.39  1.24
 1.33  0.39  1.24
 1.54  0.39  1.26
 1.77  0.39   1.3
 1.98  0.39  1.31
 -0.2  0.59  1.01
 0.25   0.6  1.15
 0.68   0.6  1.21
 1.11   0.6  1.23
 1.54   0.6  1.26
 1.98  0.61  1.31
 -0.2  0.81     1
 0.03  0.81  1.08
 0.25  0.82  1.15
 0.46  0.82  1.18
 0.67  0.82  1.21
 0.89  0.82  1.21
 1.11  0.82  1.23
 1.33  0.82  1.23
 1.54  0.82  1.25
 1.77  0.82  1.29
 1.98  0.82   1.3
-0.21  1.03     1
 0.24  1.04  1.14
 0.67  1.04   1.2
 1.11  1.04  1.22
 1.54  1.03  1.25
 1.98  1.03   1.3
-0.21  1.25  0.99
 0.02  1.25  1.07
 0.24  1.25  1.14
 0.46  1.25  1.17
 0.67  1.25  1.19
 0.89  1.25   1.2
 1.11  1.25  1.22
 1.33  1.25  1.22
 1.54  1.25  1.24
 1.77  1.24  1.27
 1.98  1.24  1.29
-0.21  1.48  0.99
 0.25  1.47  1.13
 0.67  1.47  1.19
 1.11  1.47  1.21
 1.55  1.46  1.23
 1.99  1.45  1.29
 -0.2   1.7  0.97
 0.03   1.7  1.05
 0.25  1.69  1.12
 0.46  1.68  1.15
 0.68  1.68  1.18
 0.89  1.68  1.18
 1.11  1.68   1.2
 1.33  1.68   1.2
 1.55  1.68  1.22
 1.78  1.67  1.26
 1.99  1.66  1.28
-0.19  1.94  0.96
 0.26  1.91   1.1
 0.68   1.9  1.17
 1.12  1.89  1.19
 1.55  1.89  1.21
    2  1.87  1.27
-0.17  2.19  0.94
 0.05  2.15  1.02
 0.27  2.12  1.09
 0.47  2.12  1.13
 0.69  2.11  1.15
  0.9  2.11  1.16
 1.12  2.11  1.17
 1.34  2.11  1.18
 1.56  2.11  1.19
  1.8   2.1  1.24
 2.01  2.08  1.25
-0.23 -0.13  1.08
 0.21 -0.03  1.36
 0.64 -0.03  1.42
 1.08 -0.03  1.43
 1.52 -0.03  1.45
 1.95 -0.02  1.52
-0.28  0.37  1.01
 0.18  0.39  1.32
 0.64   0.4  1.38
 1.08   0.4   1.4
 1.51   0.4  1.42
 1.94   0.4   1.5
-0.29  0.82     1
 0.17  0.83   1.3
 0.63  0.83  1.37
 1.07  0.83  1.39
 1.51  0.83  1.41
 1.94  0.83  1.49
-0.29  1.26  0.99
 0.17  1.27  1.29
 0.63  1.26  1.36
 1.07  1.26  1.38
 1.51  1.26   1.4
 1.94  1.25  1.48
-0.29  1.71  0.97
 0.17   1.7  1.27
 0.63  1.69  1.34
 1.08  1.69  1.36
 1.51  1.69  1.38
 1.95  1.68  1.46
-0.26  2.22  0.87
  0.2  2.13  1.24
 0.64  2.12   1.3
 1.09  2.12  1.32
 1.53  2.12  1.34
 1.98  2.09  1.42
-0.41 -0.07  1.09
-0.13 -0.02  1.38
 0.11  0.01  1.54
 0.36  0.01  1.53
 0.59  0.01  1.59
 0.82     0  1.56
 1.04     0   1.6
 1.26 -0.01  1.58
 1.47     0  1.62
 1.66 -0.01  1.61
 1.86     0  1.71
-0.47  0.16  0.97
 0.09  0.21  1.49
 0.58  0.21  1.55
 1.04  0.21  1.57
 1.46   0.2  1.59
 1.85  0.21  1.69
-0.49  0.38  0.96
-0.17   0.4  1.31
 0.08  0.41  1.48
 0.35  0.41  1.48
 0.58  0.42  1.54
 0.81  0.41  1.51
 1.03  0.41  1.56
 1.25  0.41  1.53
 1.46  0.41  1.59
 1.65  0.41  1.57
 1.84  0.41  1.68
-0.49  0.61  0.93
 0.07  0.62  1.47
 0.57  0.63  1.53
 1.03  0.62  1.55
 1.45  0.62  1.57
 1.84  0.62  1.67
-0.49  0.83  0.95
-0.18  0.83  1.29
 0.07  0.84  1.46
 0.34  0.84  1.46
 0.57  0.84  1.53
 0.81  0.84   1.5
 1.03  0.84  1.55
 1.24  0.84  1.52
 1.45  0.84  1.57
 1.65  0.83  1.56
 1.84  0.83  1.67
-0.49  1.06  0.93
 0.07  1.05  1.45
 0.57  1.05  1.51
 1.02  1.05  1.54
 1.45  1.05  1.56
 1.84  1.05  1.66
-0.49  1.27  0.94
-0.18  1.27  1.28
 0.07  1.28  1.45
 0.34  1.27  1.45
 0.57  1.27  1.51
 0.81  1.27  1.49
 1.03  1.27  1.54
 1.24  1.27  1.51
 1.45  1.27  1.56
 1.64  1.26  1.55
 1.84  1.26  1.66
-0.49   1.5  0.91
 0.06  1.49  1.44
 0.57  1.49   1.5
 1.03  1.49  1.52
 1.45  1.48  1.55
 1.84  1.47  1.65
-0.49  1.73  0.92
-0.18  1.72  1.26
 0.06  1.72  1.43
 0.34  1.71  1.43
 0.57  1.71   1.5
 0.81  1.71  1.47
 1.03  1.71  1.52
 1.25  1.71  1.49
 1.46  1.71  1.54
 1.64  1.69  1.53
 1.84  1.69  1.65
 -0.5  1.99  0.83
 0.07  1.93  1.41
 0.57  1.93  1.47
 1.03  1.93  1.49
 1.46  1.93  1.52
 1.84  1.91  1.63
-0.49  2.27  0.72
-0.17  2.19  1.17
 0.09  2.15  1.39
 0.35  2.15  1.37
 0.57  2.15  1.44
 0.81  2.15   1.4
 1.03  2.15  1.46
 1.25  2.16  1.42
 1.46  2.15  1.48
 1.66  2.15  1.46
 1.86  2.12   1.6
